i = 0:200:4000;




Intensity -> 0, avg_lux -> 0.199320 
Intensity -> 200, avg_lux -> 0.634718 
Intensity -> 400, avg_lux -> 2.115396 
Intensity -> 600, avg_lux -> 4.932630 
Intensity -> 800, avg_lux -> 8.635897 
Intensity -> 1000, avg_lux -> 12.747378 
Intensity -> 1200, avg_lux -> 16.959587 
Intensity -> 1400, avg_lux -> 21.792700 
Intensity -> 1600, avg_lux -> 25.898376 
Intensity -> 1800, avg_lux -> 30.600126 
Intensity -> 2000, avg_lux -> 35.161030 
Intensity -> 2200, avg_lux -> 40.001270 
Intensity -> 2400, avg_lux -> 43.662552 
Intensity -> 2600, avg_lux -> 48.549244 

